3 0.383333 0.540873 0.090476 0.118254
3 0.565476 0.756746 0.069048 0.094444
3 0.579762 0.660317 0.067857 0.052381
3 0.612798 0.605159 0.029167 0.078571
3 0.680357 0.575000 0.089286 0.046825
3 0.675298 0.634524 0.042262 0.062698
3 0.652679 0.700000 0.060119 0.079365
3 0.734524 0.636111 0.059524 0.102381
3 0.723810 0.319444 0.039286 0.096032
3 0.689286 0.238492 0.032143 0.070635
3 0.678869 0.325000 0.031548 0.081746
3 0.625595 0.086508 0.054762 0.087302
3 0.743155 0.401984 0.026786 0.059524
3 0.371726 0.155159 0.033929 0.040476
3 0.577679 0.331349 0.031548 0.119841
3 0.221131 0.410714 0.104167 0.062698
3 0.291964 0.697619 0.047024 0.057143
3 0.238988 0.965079 0.093452 0.066667
3 0.048810 0.913095 0.055952 0.062698
3 0.113393 0.726190 0.054167 0.104762
3 0.179464 0.557937 0.027976 0.074603
3 0.080655 0.543254 0.093452 0.081746
3 0.134226 0.454365 0.036310 0.040476
3 0.112798 0.236905 0.074405 0.183333
3 0.213095 0.275794 0.086905 0.094444
3 0.288690 0.160317 0.077381 0.057143
3 0.191071 0.113889 0.051190 0.108730
3 0.121429 0.026587 0.054762 0.053175
3 0.031250 0.177778 0.058929 0.053968
3 0.036905 0.045238 0.059524 0.044444
3 0.030952 0.089286 0.052381 0.057937
3 0.436310 0.387302 0.054762 0.090476
