1 0.567710 0.426372 0.863018 0.846720
0 0.413639 0.815010 0.050358 0.151439
0 0.146790 0.077895 0.073889 0.096218
0 0.113375 0.610023 0.063535 0.040997
0 0.115964 0.524682 0.048946 0.046017
0 0.816500 0.044009 0.033415 0.083668
0 0.858151 0.241466 0.057417 0.088688
0 0.812735 0.413404 0.068242 0.067771
0 0.817677 0.537232 0.033886 0.133032
0 0.547534 0.497490 0.067771 0.098728
0 0.553417 0.592871 0.053181 0.055221
0 0.659074 0.755606 0.034827 0.111278
0 0.602127 0.289575 0.048005 0.104585
0 0.783791 0.333501 0.082831 0.065261
0 0.954160 0.517570 0.040474 0.107095
0 0.958867 0.610023 0.063065 0.067771
0 0.916745 0.613788 0.033415 0.090361
0 0.372223 0.322205 0.056947 0.061078
0 0.421875 0.557313 0.063065 0.062751
0 0.697430 0.474481 0.094597 0.092871
