3 0.649687 0.455833 0.031875 0.070000
3 0.653750 0.365833 0.031250 0.070000
3 0.731563 0.430000 0.036875 0.093333
3 0.892813 0.442917 0.084375 0.087500
3 0.730313 0.514583 0.035625 0.077500
3 0.776563 0.572500 0.044375 0.051667
3 0.507812 0.622500 0.053125 0.070000
3 0.468125 0.482917 0.085000 0.072500
3 0.594688 0.755833 0.046875 0.088333
3 0.601875 0.854167 0.045000 0.080000
3 0.463438 0.855833 0.068125 0.058333
3 0.709688 0.818750 0.083125 0.060833
3 0.685937 0.714167 0.073125 0.058333
3 0.696250 0.643750 0.081250 0.057500
3 0.220312 0.168750 0.089375 0.069167
3 0.218750 0.107083 0.038750 0.054167
3 0.290312 0.106250 0.046875 0.082500
3 0.397813 0.056667 0.049375 0.068333
3 0.476875 0.057917 0.080000 0.090833
3 0.402813 0.133333 0.064375 0.071667
3 0.049063 0.337500 0.089375 0.098333
3 0.200313 0.673750 0.081875 0.072500
3 0.323125 0.045417 0.042500 0.085833
3 0.340313 0.122500 0.050625 0.070000
3 0.666250 0.010000 0.023750 0.016667
3 0.782500 0.007500 0.028750 0.015000
