3 0.618452 0.631746 0.064286 0.065079
3 0.633929 0.734127 0.069048 0.066667
3 0.438988 0.591667 0.070833 0.070635
3 0.679167 0.100000 0.066667 0.057143
3 0.416071 0.026984 0.076190 0.046032
3 0.502679 0.095635 0.050595 0.030952
3 0.155357 0.096825 0.070238 0.085714
3 0.188393 0.267857 0.042262 0.092857
3 0.105655 0.300000 0.091071 0.030159
3 0.197917 0.617063 0.037500 0.094444
3 0.218452 0.871032 0.084524 0.056349
3 0.131845 0.514286 0.052976 0.065079
3 0.031548 0.596429 0.044048 0.051587
4 0.055655 0.270635 0.032738 0.055556
3 0.091071 0.469048 0.023810 0.026984
