3 0.477500 0.875417 0.062500 0.052500
3 0.235625 0.482917 0.106250 0.135833
3 0.121250 0.365417 0.078750 0.109167
3 0.192812 0.665000 0.068125 0.065000
3 0.611250 0.151667 0.033750 0.075000
3 0.755000 0.029167 0.076250 0.050000
3 0.802500 0.065000 0.047500 0.040000
3 0.399687 0.041250 0.040625 0.080833
3 0.044687 0.046250 0.070625 0.070833
3 0.082812 0.027500 0.065625 0.050000
3 0.497812 0.048750 0.044375 0.077500
3 0.547813 0.080000 0.071875 0.040000
3 0.611563 0.084167 0.030625 0.066667
3 0.624062 0.057917 0.029375 0.060833
3 0.656250 0.031667 0.050000 0.043333
3 0.582500 0.025000 0.038750 0.045000
3 0.480312 0.428750 0.050625 0.094167
