3 0.723512 0.728175 0.037500 0.081746
3 0.759821 0.622222 0.049405 0.107937
3 0.656845 0.721825 0.057738 0.062698
3 0.634226 0.585317 0.033929 0.080159
3 0.634821 0.415476 0.030357 0.083333
3 0.583036 0.552381 0.038690 0.073016
3 0.536905 0.716270 0.028571 0.094444
3 0.452976 0.751587 0.048810 0.053968
3 0.491964 0.609524 0.026786 0.100000
3 0.511607 0.642063 0.039881 0.071429
3 0.490476 0.423413 0.036905 0.057937
3 0.539881 0.280556 0.066667 0.057937
3 0.522024 0.167460 0.058333 0.088889
3 0.412798 0.128175 0.060119 0.057937
3 0.359226 0.167460 0.070833 0.079365
3 0.225298 0.175000 0.066071 0.108730
3 0.129762 0.086111 0.090476 0.065873
3 0.271429 0.013095 0.045238 0.024603
3 0.043750 0.162698 0.035119 0.096825
3 0.112202 0.193651 0.063690 0.112698
3 0.078571 0.289286 0.055952 0.111905
3 0.206250 0.299206 0.031548 0.093651
3 0.323810 0.382143 0.046429 0.084921
3 0.321131 0.480556 0.074405 0.075397
3 0.268452 0.537698 0.029762 0.103968
3 0.206250 0.408730 0.088690 0.061905
3 0.100298 0.567857 0.081548 0.069048
3 0.172917 0.546825 0.031548 0.061905
3 0.227679 0.500794 0.045833 0.095238
3 0.012798 0.266667 0.024405 0.111111
3 0.365476 0.959127 0.076190 0.050000
3 0.008929 0.145635 0.017857 0.091270
4 0.273810 0.459524 0.052381 0.036508
4 0.316964 0.441667 0.045833 0.053175
4 0.243452 0.402381 0.054762 0.050794
4 0.022619 0.216270 0.042857 0.054762
