3 0.462500 0.344444 0.061905 0.109524
3 0.231548 0.425397 0.078571 0.087302
3 0.325893 0.107143 0.067262 0.065079
3 0.036607 0.034524 0.048214 0.061111
3 0.024107 0.124603 0.043452 0.088889
3 0.048512 0.242063 0.076786 0.090476
3 0.114286 0.196429 0.092857 0.107143
3 0.111012 0.105952 0.068452 0.065873
3 0.172024 0.083730 0.078571 0.102381
3 0.353869 0.157143 0.042262 0.049206
3 0.280952 0.230952 0.057143 0.044444
3 0.022321 0.662698 0.041071 0.063492
3 0.077083 0.700794 0.062500 0.058730
3 0.019345 0.395238 0.036310 0.120635
3 0.069643 0.366270 0.047619 0.115079
3 0.151488 0.383333 0.029167 0.112698
3 0.175595 0.258333 0.057143 0.080159
3 0.116964 0.385714 0.023214 0.114286
3 0.171429 0.340873 0.061905 0.035714
3 0.487798 0.486508 0.025595 0.049206
3 0.496429 0.586111 0.046429 0.042063
3 0.509821 0.932540 0.031548 0.092063
3 0.253274 0.268254 0.026786 0.026984
3 0.165476 0.295635 0.067857 0.070635
