3 0.699702 0.670238 0.074405 0.065873
3 0.774702 0.704365 0.064881 0.048413
3 0.617262 0.853571 0.044048 0.065873
3 0.494940 0.711508 0.029167 0.078571
3 0.505952 0.783730 0.038095 0.067460
3 0.559821 0.746429 0.064881 0.054762
3 0.577083 0.600397 0.037500 0.111905
3 0.377679 0.793254 0.038690 0.089683
3 0.295536 0.703175 0.025595 0.049206
3 0.396429 0.384921 0.035714 0.098413
3 0.519345 0.343254 0.047024 0.116667
3 0.501488 0.427381 0.073214 0.042063
3 0.642262 0.059127 0.060714 0.096032
3 0.297917 0.360714 0.050595 0.083333
3 0.206250 0.456746 0.064881 0.102381
3 0.059821 0.161111 0.039881 0.090476
3 0.039881 0.261111 0.047619 0.109524
3 0.115774 0.388095 0.048214 0.092063
3 0.199107 0.661111 0.072024 0.047619
3 0.117857 0.669841 0.035714 0.100000
3 0.066667 0.635714 0.032143 0.093651
3 0.128274 0.552381 0.051786 0.066667
3 0.210119 0.546429 0.076190 0.059524
4 0.027976 0.130159 0.045238 0.038095
