3 0.513690 0.702381 0.054762 0.079365
3 0.654464 0.964683 0.041071 0.067460
3 0.891964 0.805952 0.050595 0.078571
3 0.680655 0.321825 0.037500 0.081746
3 0.591667 0.309524 0.040476 0.085714
3 0.537202 0.336508 0.081548 0.058730
3 0.445238 0.428571 0.069048 0.049206
3 0.326488 0.590079 0.042262 0.118254
3 0.330655 0.701587 0.063690 0.096825
3 0.417857 0.721429 0.032143 0.063492
3 0.352976 0.803175 0.040476 0.079365
3 0.198512 0.678571 0.044643 0.114286
3 0.095833 0.538095 0.067857 0.050794
3 0.204762 0.251190 0.058333 0.086508
3 0.095238 0.038095 0.053571 0.073016
3 0.356548 0.186905 0.054762 0.089683
3 0.025595 0.203571 0.051190 0.064286
3 0.013393 0.515079 0.019643 0.071429
