3 0.739583 0.582937 0.070833 0.048413
3 0.752083 0.646825 0.063690 0.063492
3 0.620536 0.899206 0.047024 0.092063
3 0.612202 0.616667 0.063690 0.055556
3 0.448810 0.737698 0.060714 0.065873
3 0.416964 0.663095 0.069643 0.086508
3 0.516369 0.629762 0.070833 0.050000
3 0.549107 0.583333 0.033929 0.076190
3 0.488988 0.544048 0.036310 0.094444
3 0.401190 0.521825 0.042857 0.103968
3 0.317857 0.568651 0.036905 0.127778
3 0.252679 0.532540 0.036310 0.123810
3 0.100893 0.619048 0.042262 0.106349
3 0.186905 0.469048 0.080952 0.044444
3 0.305357 0.436111 0.090476 0.038889
3 0.232738 0.373810 0.094048 0.041270
3 0.219940 0.206746 0.079167 0.065873
3 0.290476 0.026190 0.063095 0.041270
3 0.272321 0.063095 0.050595 0.067460
3 0.603869 0.073016 0.056548 0.068254
3 0.437202 0.972599 0.031548 0.053135
3 0.366369 0.982540 0.082738 0.028571
3 0.016964 0.586508 0.032738 0.106349
3 0.059226 0.394048 0.055357 0.113492
3 0.072321 0.259921 0.062500 0.096032
3 0.085417 0.176190 0.110119 0.071429
3 0.060714 0.053175 0.057143 0.095238
4 0.308929 0.482143 0.065476 0.061111
4 0.363095 0.431746 0.040476 0.069841
4 0.558631 0.624206 0.014881 0.032540
4 0.248512 0.415476 0.033929 0.065873
4 0.080655 0.329762 0.026786 0.037302
