3 0.636012 0.471429 0.043452 0.068254
3 0.686607 0.519841 0.057738 0.052381
3 0.720833 0.615079 0.048810 0.100000
3 0.659821 0.672619 0.048214 0.056349
3 0.597321 0.845238 0.035119 0.092063
3 0.515179 0.700397 0.054167 0.078571
3 0.543452 0.607143 0.057143 0.096825
3 0.606845 0.595238 0.055357 0.042857
3 0.592857 0.498810 0.036905 0.070635
3 0.538690 0.516270 0.063095 0.032540
3 0.545536 0.451587 0.051786 0.058730
3 0.720536 0.300397 0.025595 0.091270
3 0.825000 0.042460 0.075000 0.051587
3 0.725893 0.110317 0.052976 0.074603
3 0.748810 0.018651 0.066667 0.030952
3 0.620238 0.073810 0.070238 0.039683
3 0.438690 0.157540 0.060714 0.081746
3 0.437798 0.045238 0.063690 0.044444
3 0.316667 0.022619 0.046429 0.035714
3 0.366667 0.040476 0.052381 0.065079
3 0.115476 0.073016 0.082143 0.055556
3 0.132440 0.262698 0.044643 0.128571
3 0.059524 0.303968 0.095238 0.090476
3 0.072917 0.438889 0.058929 0.141270
3 0.228869 0.008730 0.023214 0.015873
3 0.192560 0.031349 0.037500 0.042063
3 0.230357 0.186905 0.026190 0.037302
3 0.022619 0.525000 0.041667 0.086508
3 0.017262 0.100000 0.033333 0.087302
