1 0.592950 0.436831 0.808076 0.855924
0 0.513413 0.748494 0.043769 0.066934
0 0.552240 0.599983 0.057417 0.066098
0 0.554829 0.499163 0.056947 0.056894
0 0.821913 0.459839 0.035768 0.097055
0 0.822854 0.597055 0.048946 0.066934
0 0.926864 0.616717 0.018825 0.067771
0 0.672016 0.761044 0.054123 0.051874
0 0.672957 0.407965 0.040945 0.078648
0 0.738846 0.440177 0.048475 0.067771
0 0.412227 0.314257 0.084243 0.055221
0 0.144202 0.292922 0.079066 0.082831
0 0.275744 0.697038 0.035297 0.144746
0 0.270096 0.845967 0.034356 0.133032
0 0.202560 0.410894 0.072477 0.086178
0 0.307041 0.358183 0.074360 0.062751
0 0.492235 0.667336 0.034356 0.087015
0 0.098080 0.585341 0.047063 0.085341
0 0.855563 0.194612 0.058829 0.092035
0 0.915333 0.700385 0.030591 0.054384
0 0.599303 0.071620 0.055535 0.063588
