3 0.593452 0.586111 0.077381 0.062698
3 0.682738 0.315079 0.041667 0.073016
3 0.703571 0.102381 0.038095 0.073016
3 0.563988 0.126190 0.039881 0.033333
3 0.455655 0.368651 0.082738 0.054762
3 0.513393 0.483333 0.063690 0.058730
3 0.667262 0.736508 0.069048 0.042857
3 0.569643 0.712302 0.055952 0.069048
3 0.516071 0.752381 0.064286 0.053968
3 0.466369 0.802778 0.042262 0.081746
3 0.444048 0.649206 0.042857 0.103175
3 0.366667 0.348413 0.082143 0.050794
3 0.337202 0.231746 0.080357 0.044444
3 0.338988 0.131349 0.036310 0.045238
3 0.284524 0.084921 0.050000 0.076190
3 0.226488 0.201984 0.077976 0.076984
3 0.108333 0.300000 0.103571 0.076190
3 0.311607 0.694444 0.068452 0.039683
3 0.044345 0.102381 0.051786 0.090476
3 0.008929 0.148016 0.016667 0.037302
3 0.025893 0.573810 0.041071 0.060317
3 0.017560 0.476190 0.031548 0.060317
