3 0.601875 0.913750 0.051250 0.059167
3 0.623125 0.961667 0.026250 0.068333
3 0.415312 0.181667 0.071875 0.060000
3 0.483125 0.320417 0.038750 0.082500
3 0.465000 0.672083 0.052500 0.050833
3 0.684375 0.181250 0.058750 0.069167
3 0.715313 0.100417 0.050625 0.077500
3 0.125625 0.251250 0.088750 0.139167
3 0.422187 0.449167 0.088125 0.073333
3 0.237813 0.022500 0.065625 0.043333
3 0.185000 0.030000 0.045000 0.051667
3 0.101562 0.638750 0.051875 0.062500
3 0.049688 0.548750 0.055625 0.060833
3 0.020313 0.562500 0.036875 0.058333
