3 0.302976 0.488889 0.069048 0.055556
3 0.391964 0.534524 0.063690 0.086508
3 0.301786 0.615079 0.122619 0.066667
3 0.689583 0.295635 0.042262 0.081746
3 0.723810 0.215873 0.041667 0.082540
3 0.695833 0.133730 0.051190 0.075397
3 0.122619 0.074206 0.053571 0.118254
3 0.017857 0.083333 0.029762 0.068254
3 0.048512 0.188889 0.093452 0.085714
3 0.014286 0.262698 0.025000 0.042857
3 0.416369 0.388095 0.067262 0.103175
3 0.500000 0.546032 0.039286 0.147619
3 0.433333 0.685317 0.039286 0.061111
3 0.099702 0.659921 0.050595 0.102381
3 0.139583 0.603175 0.047024 0.112698
3 0.067262 0.483333 0.078571 0.050794
3 0.023512 0.608730 0.041071 0.112698
3 0.319940 0.845635 0.038690 0.099206
