3 0.174687 0.811667 0.068125 0.048333
3 0.095312 0.704583 0.049375 0.104167
3 0.015938 0.644167 0.029375 0.056667
3 0.017188 0.812083 0.034375 0.049167
3 0.032813 0.900000 0.043125 0.055000
3 0.046562 0.551250 0.085625 0.055833
3 0.134063 0.259167 0.070625 0.135000
3 0.362187 0.132083 0.081875 0.059167
3 0.560625 0.080000 0.051250 0.090000
3 0.640938 0.030000 0.043125 0.060000
3 0.698125 0.173333 0.033750 0.093333
3 0.730938 0.149583 0.035625 0.104167
3 0.753437 0.025000 0.058125 0.050000
3 0.354687 0.230833 0.041875 0.103333
3 0.182188 0.656667 0.036875 0.098333
3 0.663438 0.860000 0.023125 0.050000
3 0.315937 0.293750 0.063125 0.055833
3 0.464687 0.032083 0.056875 0.057500
3 0.250000 0.169167 0.025000 0.050000
3 0.480625 0.524167 0.043750 0.078333
