3 0.491667 0.810317 0.029762 0.095238
3 0.571131 0.891270 0.075595 0.074603
3 0.607143 0.825397 0.041667 0.088889
3 0.648810 0.853175 0.035714 0.085714
3 0.631250 0.706349 0.043452 0.073016
3 0.639286 0.643651 0.060714 0.042857
3 0.563988 0.690079 0.066071 0.056349
3 0.554762 0.616270 0.064286 0.046825
3 0.677679 0.384524 0.027976 0.078571
3 0.597321 0.311905 0.061310 0.066667
3 0.533929 0.397619 0.046429 0.080952
3 0.472917 0.490873 0.083929 0.051587
3 0.473214 0.589286 0.063095 0.042063
3 0.418452 0.582937 0.058333 0.042063
3 0.377083 0.642857 0.042262 0.104762
3 0.300298 0.660317 0.082738 0.126984
3 0.362798 0.355159 0.039881 0.132540
3 0.341369 0.229762 0.050595 0.115079
3 0.427679 0.101984 0.047024 0.092857
3 0.464881 0.078175 0.042857 0.054762
3 0.451190 0.023016 0.041667 0.044444
3 0.510714 0.042063 0.034524 0.061905
3 0.071429 0.095238 0.096429 0.114286
3 0.233036 0.076190 0.088690 0.074603
3 0.238393 0.201984 0.077976 0.057937
3 0.251488 0.326587 0.042262 0.100794
3 0.170238 0.494444 0.086905 0.050794
3 0.103571 0.456746 0.053571 0.086508
3 0.031845 0.318651 0.061310 0.057937
3 0.025893 0.209921 0.049405 0.046825
3 0.187798 0.842460 0.080357 0.070635
3 0.144345 0.738889 0.058929 0.082540
3 0.075595 0.653175 0.076190 0.057143
3 0.071429 0.573810 0.055952 0.049206
3 0.402083 0.742460 0.066071 0.050000
3 0.164583 0.399206 0.043452 0.079365
3 0.793750 0.044444 0.043452 0.077778
