3 0.936012 0.510714 0.036310 0.084921
3 0.565476 0.957143 0.066667 0.053968
3 0.460119 0.697222 0.036905 0.083333
3 0.536905 0.679365 0.044048 0.109524
3 0.588690 0.619048 0.071429 0.057143
3 0.650595 0.603175 0.067857 0.071429
3 0.613988 0.507143 0.054167 0.057143
3 0.730952 0.794048 0.058333 0.045238
3 0.771429 0.842063 0.035714 0.068254
3 0.788988 0.780952 0.055357 0.047619
3 0.783333 0.036508 0.054762 0.065079
3 0.346726 0.034127 0.051786 0.066667
3 0.054167 0.303175 0.085714 0.055556
3 0.150298 0.371429 0.052976 0.096825
3 0.195238 0.278175 0.032143 0.083333
3 0.106548 0.145238 0.091667 0.077778
3 0.086607 0.042857 0.075595 0.055556
3 0.136310 0.030159 0.042857 0.060317
3 0.197619 0.036905 0.052381 0.062698
3 0.193452 0.608333 0.061905 0.076984
