3 0.539881 0.791270 0.050000 0.117460
3 0.795833 0.730952 0.029762 0.096825
3 0.894345 0.817857 0.056548 0.053175
3 0.515179 0.342063 0.049405 0.111111
3 0.260119 0.661905 0.105952 0.085714
3 0.249702 0.438492 0.102976 0.059524
3 0.193750 0.371032 0.107738 0.091270
3 0.097321 0.299206 0.091071 0.096825
3 0.201190 0.275794 0.034524 0.097619
3 0.245238 0.328175 0.077381 0.064286
3 0.139583 0.498413 0.086310 0.041270
3 0.072024 0.544444 0.048810 0.065079
3 0.122321 0.570238 0.075595 0.053175
3 0.094048 0.471032 0.026190 0.042063
3 0.018452 0.056746 0.036905 0.054762
3 0.050595 0.015476 0.044048 0.030952
3 0.013690 0.013095 0.025000 0.026190
3 0.203571 0.631746 0.052381 0.034921
