3 0.086563 0.071667 0.071875 0.065000
3 0.289062 0.160417 0.044375 0.045833
3 0.349687 0.198750 0.053125 0.109167
3 0.026875 0.237083 0.053750 0.045833
3 0.565625 0.389583 0.031250 0.089167
3 0.690937 0.394583 0.060625 0.070833
3 0.730938 0.594583 0.074375 0.052500
3 0.726250 0.106667 0.042500 0.095000
3 0.410938 0.749583 0.038125 0.089167
3 0.108438 0.851250 0.033125 0.090833
3 0.035000 0.926667 0.047500 0.055000
3 0.020313 0.590833 0.036875 0.061667
3 0.010937 0.668333 0.020625 0.048333
3 0.093750 0.585833 0.040000 0.046667
3 0.630000 0.049167 0.043750 0.063333
3 0.659062 0.020417 0.038125 0.035833
3 0.706250 0.022500 0.045000 0.038333
3 0.564688 0.056250 0.043125 0.065833
3 0.195000 0.649583 0.060000 0.049167
3 0.198125 0.282500 0.046250 0.078333
3 0.079062 0.489167 0.064375 0.055000
3 0.006562 0.298333 0.013125 0.045000
