3 0.354063 0.548750 0.088125 0.054167
3 0.655312 0.526250 0.068125 0.042500
3 0.463438 0.475000 0.041875 0.065000
3 0.706875 0.527500 0.038750 0.083333
3 0.675312 0.574583 0.040625 0.044167
3 0.660937 0.628750 0.068125 0.054167
3 0.600625 0.766250 0.030000 0.082500
3 0.655625 0.790417 0.055000 0.044167
3 0.681562 0.747500 0.030625 0.081667
3 0.578438 0.851667 0.054375 0.070000
3 0.574688 0.931250 0.038125 0.080833
3 0.706562 0.951250 0.061875 0.055833
3 0.724375 0.859167 0.038750 0.088333
3 0.734375 0.778750 0.027500 0.070833
3 0.789062 0.797083 0.050625 0.052500
3 0.808750 0.695000 0.045000 0.076667
3 0.853125 0.749583 0.027500 0.062500
3 0.820625 0.617500 0.048750 0.051667
3 0.738125 0.597917 0.055000 0.067500
3 0.806562 0.554583 0.074375 0.042500
3 0.804688 0.460833 0.063125 0.050000
3 0.912188 0.284167 0.059375 0.056667
3 0.812500 0.020833 0.036250 0.041667
3 0.712500 0.026250 0.055000 0.040833
3 0.208750 0.747083 0.086250 0.062500
3 0.201250 0.662500 0.071250 0.055000
3 0.252812 0.555000 0.089375 0.066667
3 0.284375 0.448750 0.047500 0.125833
3 0.339062 0.395000 0.098125 0.100000
3 0.403750 0.383750 0.038750 0.070833
3 0.430312 0.422500 0.035625 0.053333
3 0.151875 0.416667 0.082500 0.051667
3 0.323750 0.072917 0.041250 0.082500
3 0.363750 0.072917 0.040000 0.075833
3 0.368125 0.149167 0.042500 0.065000
3 0.233437 0.068333 0.038125 0.091667
3 0.199063 0.052917 0.034375 0.052500
3 0.121875 0.045417 0.051250 0.077500
3 0.018437 0.112083 0.034375 0.075833
3 0.060000 0.023333 0.037500 0.041667
3 0.079375 0.539167 0.081250 0.055000
3 0.068437 0.889583 0.046875 0.057500
3 0.018125 0.549583 0.031250 0.047500
3 0.019375 0.480417 0.032500 0.047500
3 0.478869 0.038095 0.063690 0.055556
