3 0.678274 0.384524 0.029167 0.088095
3 0.950595 0.391667 0.066667 0.062698
3 0.789583 0.045635 0.035119 0.081746
3 0.760417 0.193254 0.020833 0.057937
3 0.388988 0.039683 0.066071 0.058730
3 0.160119 0.026190 0.069048 0.042857
3 0.214286 0.089286 0.069048 0.057937
3 0.198512 0.183730 0.069643 0.037302
3 0.073810 0.164286 0.077381 0.069841
3 0.020536 0.093651 0.033929 0.090476
3 0.487798 0.596825 0.050595 0.066667
3 0.501190 0.624206 0.034524 0.059524
3 0.557440 0.664286 0.032738 0.095238
3 0.503571 0.723413 0.069048 0.059524
3 0.530952 0.395238 0.053571 0.080952
