3 0.901488 0.576587 0.042262 0.076984
3 0.956548 0.551587 0.058333 0.053968
3 0.939286 0.707937 0.032143 0.096825
3 0.789583 0.750794 0.087500 0.068254
3 0.727381 0.640873 0.059524 0.064286
3 0.665476 0.560714 0.025000 0.075397
3 0.694345 0.528175 0.032738 0.080159
3 0.734226 0.465476 0.048214 0.053175
3 0.670833 0.447619 0.044048 0.050794
3 0.608929 0.476587 0.055952 0.043651
3 0.612798 0.554762 0.031548 0.077778
3 0.637798 0.529762 0.025595 0.062698
3 0.532440 0.462302 0.042262 0.089683
3 0.630655 0.285317 0.045833 0.072222
3 0.673512 0.028175 0.033929 0.048413
3 0.725893 0.063889 0.042262 0.059524
3 0.797024 0.021825 0.039286 0.042063
3 0.803571 0.057937 0.055952 0.030159
3 0.531548 0.753175 0.033333 0.090476
3 0.622321 0.685317 0.039881 0.051587
3 0.585714 0.800397 0.026190 0.096032
3 0.629464 0.742857 0.047024 0.058730
3 0.656548 0.784127 0.051190 0.065079
3 0.707738 0.746429 0.036905 0.091270
3 0.434821 0.797222 0.062500 0.067460
3 0.604167 0.921429 0.060714 0.063492
3 0.218155 0.546825 0.126786 0.082540
3 0.378869 0.456746 0.045833 0.127778
3 0.264286 0.775397 0.048810 0.115873
3 0.094048 0.697222 0.047619 0.067460
3 0.100595 0.548810 0.057143 0.084921
3 0.060119 0.516667 0.052381 0.088889
3 0.166369 0.030556 0.044643 0.054762
3 0.225298 0.019048 0.061310 0.031746
3 0.223512 0.065079 0.056548 0.042857
3 0.235119 0.161905 0.080952 0.039683
3 0.360417 0.065079 0.043452 0.073016
3 0.399107 0.053968 0.026786 0.087302
3 0.427976 0.050794 0.032143 0.073016
3 0.523214 0.098016 0.054762 0.053175
3 0.367857 0.025397 0.029762 0.044444
