3 0.662500 0.668333 0.051250 0.066667
3 0.538125 0.503750 0.027500 0.079167
3 0.576250 0.485833 0.062500 0.048333
3 0.605313 0.419583 0.073125 0.047500
3 0.642813 0.495000 0.033125 0.078333
3 0.452188 0.048750 0.041875 0.075833
3 0.794375 0.031667 0.048750 0.053333
3 0.240000 0.075833 0.065000 0.051667
3 0.206563 0.040417 0.038125 0.074167
3 0.052812 0.025833 0.051875 0.048333
3 0.146563 0.018750 0.045625 0.034167
3 0.327813 0.215000 0.064375 0.073333
3 0.075938 0.585417 0.035625 0.064167
3 0.035000 0.528750 0.053750 0.060833
