3 0.425938 0.145000 0.078125 0.078333
3 0.380625 0.234167 0.060000 0.108333
3 0.555000 0.730417 0.053750 0.079167
3 0.661250 0.708333 0.076250 0.053333
3 0.666562 0.622500 0.034375 0.073333
3 0.691562 0.539167 0.060625 0.091667
3 0.732500 0.580417 0.057500 0.054167
3 0.789375 0.555417 0.045000 0.067500
3 0.723437 0.660000 0.039375 0.090000
3 0.769062 0.658333 0.025625 0.068333
3 0.845000 0.613750 0.036250 0.095833
3 0.757500 0.716250 0.041250 0.069167
3 0.721562 0.781667 0.033125 0.060000
3 0.856563 0.710833 0.056875 0.053333
3 0.940625 0.676250 0.048750 0.059167
3 0.816562 0.801667 0.070625 0.065000
3 0.649687 0.307083 0.054375 0.079167
3 0.764375 0.036250 0.038750 0.067500
3 0.670312 0.020417 0.029375 0.037500
3 0.314375 0.083333 0.062500 0.065000
3 0.396562 0.057500 0.078125 0.058333
3 0.220938 0.174167 0.084375 0.060000
3 0.020625 0.165833 0.040000 0.123333
3 0.159375 0.017500 0.058750 0.033333
3 0.073438 0.572917 0.028125 0.072500
3 0.032500 0.563333 0.043750 0.040000
3 0.011562 0.537083 0.023125 0.049167
3 0.065937 0.718750 0.046875 0.047500
3 0.222500 0.381250 0.055000 0.125833
3 0.193438 0.301250 0.054375 0.049167
3 0.484063 0.438333 0.046875 0.068333
