3 0.522188 0.187917 0.081875 0.054167
3 0.618750 0.294167 0.043750 0.075000
3 0.678125 0.264583 0.032500 0.100833
3 0.551250 0.357917 0.046250 0.104167
3 0.576562 0.520000 0.073125 0.058333
3 0.660937 0.481667 0.080625 0.095000
3 0.726250 0.472917 0.041250 0.102500
3 0.799375 0.550000 0.050000 0.086667
3 0.491563 0.644167 0.074375 0.055000
3 0.209375 0.221250 0.088750 0.067500
3 0.330000 0.295833 0.077500 0.068333
3 0.449375 0.017917 0.038750 0.034167
3 0.117188 0.570833 0.044375 0.058333
3 0.202500 0.011667 0.035000 0.021667
